  0.34157461275352824       0.67122605363620758       0.37720683430757751       0.67493970039043827       0.33807132963353692       0.37722572479070621        2.8697584907244186E-003   2.6844969974238069E-003  0.88227529034504282       0.33629517206530729       0.66940826543284515       0.88227706465674538        4.6982790744664502       -2.3491086462332702       -5.2640982037935053E-004   3.5646886670534606E-005   4.0688864644552876       -4.9856934320062800E-004  -6.4529251669076697E-005  -2.0750439132371521E-005   37.357016379183577     
   9.0896271930045007E-004  -3.2895148108172487E-003   2.2769176658225752E-004  -1.0973331143245427E-003   3.2937048678816443E-003   3.3914494017350440E-003  -1.3070211821415961E-003  -2.8333784016418127E-004  -2.5728021324441896E-003   1.4953915771656883E-003   2.7914778309978531E-004  -1.0463390358731129E-003  -3.4032644442479098E-004   4.8715068154789196E-005   7.3587147157771308E-008  -2.7688708248926930E-005  -1.3975226860401797E-004   1.3445783501658682E-007   1.2221160696745987E-006   1.2460453900657396E-006   8.5104688760416258E-005
          20
          20
           0
  -76.767280430645499     
   0.0000000000000000        0.0000000000000000        0.0000000000000000        0.0000000000000000        0.0000000000000000        0.0000000000000000        0.0000000000000000        0.0000000000000000        0.0000000000000000        0.0000000000000000        0.0000000000000000        0.0000000000000000        0.0000000000000000        0.0000000000000000        0.0000000000000000        0.0000000000000000        0.0000000000000000        0.0000000000000000        0.0000000000000000        0.0000000000000000        0.0000000000000000     
   0.0000000000000000        0.0000000000000000        0.0000000000000000        0.0000000000000000        0.0000000000000000        0.0000000000000000        0.0000000000000000        0.0000000000000000        0.0000000000000000        0.0000000000000000        0.0000000000000000        0.0000000000000000        0.0000000000000000        0.0000000000000000        0.0000000000000000        0.0000000000000000        0.0000000000000000        0.0000000000000000        0.0000000000000000        0.0000000000000000        0.0000000000000000     
   6.0785056153856355E-002   2.6155149877057842E-002  -3.2730858744175816E-004   2.5827747688441324E-003   5.4773284981543026E-003  -2.2649367039750962E-004  -4.0461572953321163E-003  -2.3818536948911821E-003   2.4232555633591039E-004   1.1730880091451621E-003   9.9573105599208111E-004   3.1169705582320266E-004  -1.4408918976440541E-002   9.1297842066426250E-003  -8.7260709679422505E-004   2.2230776214582438E-003  -1.0141700825311692E-002  -1.5565076504427055E-003  -1.0796216357997591E-004  -1.1388317753903689E-004  -1.0190170565518655        2.6155149877057842E-002   4.3961564088348261E-002   1.5754879535324272E-004   2.6249230326021214E-003   1.5819272993453114E-002   1.7409889138069525E-004  -3.0845763867506644E-003  -1.2818907739520278E-003  -2.3309034941763223E-004   4.5508592132391971E-003   1.9903796722069928E-003  -9.8408296870546236E-005  -3.9878367240510824E-002   2.2508899590425194E-002   4.9779422301542901E-004   2.9664646657248353E-003  -2.1145555979993048E-002   8.1616210608736030E-004   6.0994421117989254E-005   5.7217838507369310E-005  0.60520085869548534       -3.2730858744175816E-004   1.5754879535324272E-004   8.1345012818554048E-004  -5.2736597777252366E-004  -5.6941850429323990E-004   6.8521272055507547E-005   6.4782987549715789E-004   3.5617505669410332E-004  -8.0529411113306363E-005   2.0706504403394463E-004   5.5843692664752853E-005  -8.6827446603375891E-005   1.3771558406736875E-004  -4.7443139660148861E-004   2.6402725101615254E-004  -4.6833823643084506E-004   3.5764065210512532E-004   4.6379688862254527E-004   3.2617264560529323E-005   3.3680026182562801E-005  0.30731320860827105        2.5827747688441324E-003   2.6249230326021214E-003  -5.2736597777252366E-004   6.2601607651050162E-002   2.9883183886512725E-002  -4.0191599370620508E-004  -1.8614710623228994E-003  -9.0217539276503649E-004   4.5599311142970257E-004  -2.8281497211297456E-003  -1.3595757899121051E-003   4.7350921439982580E-004   3.2418869144269329E-003   4.3213715436713623E-005  -1.4494217085793783E-003   1.9218773758626121E-003  -1.5278733506253403E-003  -2.5534651637743634E-003  -1.7898844084701456E-004  -1.8571376560886247E-004  -1.7045364122335500        5.4773284981543026E-003   1.5819272993453114E-002  -5.6941850429323990E-004   2.9883183886512725E-002   4.7137877861296723E-002  -4.7731667136903663E-004   2.4849659853593171E-004  -2.9178646622513666E-004   5.6985376223604636E-004  -5.3626532473023221E-003  -2.1760384080219599E-003   4.7703045399332148E-004   3.4487386249817571E-002  -1.8083472247883980E-002  -1.6190797069874268E-003  -9.6881896410517220E-004   1.5514990569804488E-002  -2.7985384222662200E-003  -1.9956238028713183E-004  -2.0164230273635560E-004  -1.9189388071497828       -2.2649367039750962E-004   1.7409889138069525E-004   6.8521272055507547E-005  -4.0191599370620508E-004  -4.7731667136903663E-004   7.6934558975156621E-004   5.2808581346070935E-004   2.9858265501230940E-004  -5.6255112069262354E-005   1.0054420495055879E-004   4.7841654100598594E-006  -6.6997207210137323E-005   2.0628837785058385E-003  -1.3296914849607925E-003   1.9241221282082660E-004  -3.4440150569978634E-004   1.8902528023495026E-003   3.4232448345900988E-004   2.3791406883074179E-005   2.5019254358077961E-005  0.22620147847912978       -4.0461572953321163E-003  -3.0845763867506644E-003   6.4782987549715789E-004  -1.8614710623228994E-003   2.4849659853593171E-004   5.2808581346070935E-004   4.9260444057217197E-002   2.0510638376434878E-002  -5.9549695719705192E-004   1.7141945937345110E-002   1.2571797147467905E-002  -5.8019837756649736E-004  -1.5056038165931131E-002   3.2923532575215089E-003   1.8562164937605415E-003  -4.8912849515205994E-003  -2.0095946427795414E-003   3.2459499100065429E-003   2.2910286365391533E-004   2.3522420190512578E-004   2.1562443773449349       -2.3818536948911821E-003  -1.2818907739520278E-003   3.5617505669410332E-004  -9.0217539276503649E-004  -2.9178646622513666E-004   2.9858265501230940E-004   2.0510638376434878E-002   5.2242955326068215E-002  -3.3489416382653092E-004   1.3019746447474004E-002   9.8200478940255846E-003  -3.1971450744590747E-004  -1.0367024710254582E-002   2.1929389857212964E-003   1.0326185914791475E-003  -3.4534037597444629E-003  -1.6616841355260974E-003   1.8061440072599736E-003   1.2741538464855663E-004   1.3089972764781824E-004   1.2015095042618344        2.4232555633591039E-004  -2.3309034941763223E-004  -8.0529411113306363E-005   4.5599311142970257E-004   5.6985376223604636E-004  -5.6255112069262354E-005  -5.9549695719705192E-004  -3.3489416382653092E-004   7.7875097652600137E-004  -1.0260135632047209E-004  -1.7202084630362013E-006   7.2648089203985683E-005  -1.0839806745821827E-003   9.0235855150111303E-004  -2.1384341793322882E-004   4.1612741626387674E-004  -1.0588573561644138E-003  -3.7898492638304608E-004  -2.6426154650365970E-005  -2.7642372754803112E-005 -0.25099781550984790        1.1730880091451621E-003   4.5508592132391971E-003   2.0706504403394463E-004  -2.8281497211297456E-003  -5.3626532473023221E-003   1.0054420495055879E-004   1.7141945937345110E-002   1.3019746447474004E-002  -1.0260135632047209E-004   4.5007877411361627E-002   1.8038403322573882E-002  -2.0478753841266808E-004   2.6223070228560814E-002  -1.2465351180063904E-002   4.6581231171634362E-004   7.4632995402073676E-004   1.3679168819354966E-002   8.6402290439388757E-004   5.7847740785839778E-005   6.4372741256159304E-005  0.56730909156184373        9.9573105599208111E-004   1.9903796722069928E-003   5.5843692664752853E-005  -1.3595757899121051E-003  -2.1760384080219599E-003   4.7841654100598594E-006   1.2571797147467905E-002   9.8200478940255846E-003  -1.7202084630362013E-006   1.8038403322573882E-002   5.0854936821911806E-002  -5.8758609141354066E-005   1.5758005699997139E-002  -6.6183663275346414E-003   8.8666892327556336E-005   1.4557580584164463E-003   7.2922495447423474E-003   1.7623230862573837E-004   1.1152574500156717E-005   1.3524736559777923E-005  0.11222844399865130        3.1169705582320266E-004  -9.8408296870546236E-005  -8.6827446603375891E-005   4.7350921439982580E-004   4.7703045399332148E-004  -6.6997207210137323E-005  -5.8019837756649736E-004  -3.1971450744590747E-004   7.2648089203985683E-005  -2.0478753841266808E-004  -5.8758609141354066E-005   7.9579110715811648E-004  -1.1166186881242405E-003   9.0176433018182220E-004  -2.4259604593839624E-004   3.9661232592916979E-004  -1.1890360984247689E-003  -4.2713644575955139E-004  -2.9982516797519003E-005  -3.1056907790277271E-005 -0.28251687161791983       -1.4408918976440541E-002  -3.9878367240510824E-002   1.3771558406736875E-004   3.2418869144269329E-003   3.4487386249817571E-002   2.0628837785058385E-003  -1.5056038165931131E-002  -1.0367024710254582E-002  -1.0839806745821827E-003   2.6223070228560814E-002   1.5758005699997139E-002  -1.1166186881242405E-003  0.81862622531960316      -0.39824849045924582        3.7139998894942412E-003   1.2797485634431213E-002   6.5205901317853546E-002   6.3619855790237843E-003   4.7987056442336229E-004   4.4703241141570249E-004   4.0421111187234100        9.1297842066426250E-003   2.2508899590425194E-002  -4.7443139660148861E-004   4.3213715436713623E-005  -1.8083472247883980E-002  -1.3296914849607925E-003   3.2923532575215089E-003   2.1929389857212964E-003   9.0235855150111303E-004  -1.2465351180063904E-002  -6.6183663275346414E-003   9.0176433018182220E-004 -0.39824849045924582       0.77280183040910222       -3.1060074150823479E-003  -5.9189336810854306E-003  -2.5042352737302209E-002  -5.1199672163588835E-003  -3.7922907254241264E-004  -3.6277313692575799E-004  -3.3122186429242904       -8.7260709679422505E-004   4.9779422301542901E-004   2.6402725101615254E-004  -1.4494217085793783E-003  -1.6190797069874268E-003   1.9241221282082660E-004   1.8562164937605415E-003   1.0326185914791475E-003  -2.1384341793322882E-004   4.6581231171634362E-004   8.8666892327556336E-005  -2.4259604593839624E-004   3.7139998894942412E-003  -3.1060074150823479E-003   48.993399527566197       -1.3028974612455206E-003   3.9586363397481911E-003   1.2557814384411420E-003   8.6279900078788200E-005   9.2241081175673198E-005  0.83340636230111664        2.2230776214582438E-003   2.9664646657248353E-003  -4.6833823643084506E-004   1.9218773758626121E-003  -9.6881896410517220E-004  -3.4440150569978634E-004  -4.8912849515205994E-003  -3.4534037597444629E-003   4.1612741626387674E-004   7.4632995402073676E-004   1.4557580584164463E-003   3.9661232592916979E-004   1.2797485634431213E-002  -5.9189336810854306E-003  -1.3028974612455206E-003  0.77221688045826142      -0.37712544941930148       -2.3965061235238631E-003  -1.6084895540434416E-004  -1.6080766450430765E-004  -1.4909722298354735       -1.0141700825311692E-002  -2.1145555979993048E-002   3.5764065210512532E-004  -1.5278733506253403E-003   1.5514990569804488E-002   1.8902528023495026E-003  -2.0095946427795414E-003  -1.6616841355260974E-003  -1.0588573561644138E-003   1.3679168819354966E-002   7.2922495447423474E-003  -1.1890360984247689E-003   6.5205901317853546E-002  -2.5042352737302209E-002   3.9586363397481911E-003 -0.37712544941930148       0.83654484154955455        6.5123658013515832E-003   4.9083241307628137E-004   4.6224755486805823E-004   4.1314671601039610       -1.5565076504427055E-003   8.1616210608736030E-004   4.6379688862254527E-004  -2.5534651637743634E-003  -2.7985384222662200E-003   3.4232448345900988E-004   3.2459499100065429E-003   1.8061440072599736E-003  -3.7898492638304608E-004   8.6402290439388757E-004   1.7623230862573837E-004  -4.2713644575955139E-004   6.3619855790237843E-003  -5.1199672163588835E-003   1.2557814384411420E-003  -2.3965061235238631E-003   6.5123658013515832E-003   48.994926206967257        1.5518024795616766E-004   1.6227029647412024E-004   1.4799767048182235       -1.0796216357997591E-004   6.0994421117989254E-005   3.2617264560529323E-005  -1.7898844084701456E-004  -1.9956238028713183E-004   2.3791406883074179E-005   2.2910286365391533E-004   1.2741538464855663E-004  -2.6426154650365970E-005   5.7847740785839778E-005   1.1152574500156717E-005  -2.9982516797519003E-005   4.7987056442336229E-004  -3.7922907254241264E-004   8.6279900078788200E-005  -1.6084895540434416E-004   4.9083241307628137E-004   1.5518024795616766E-004  0.77167316337205560      -0.38584144625660138       0.10283615865452139       -1.1388317753903689E-004   5.7217838507369310E-005   3.3680026182562801E-005  -1.8571376560886247E-004  -2.0164230273635560E-004   2.5019254358077961E-005   2.3522420190512578E-004   1.3089972764781824E-004  -2.7642372754803112E-005   6.4372741256159304E-005   1.3524736559777923E-005  -3.1056907790277271E-005   4.4703241141570249E-004  -3.6277313692575799E-004   9.2241081175673198E-005  -1.6080766450430765E-004   4.6224755486805823E-004   1.6227029647412024E-004 -0.38584144625660138       0.77174363860295447       0.10801373966448866       -1.0190170565518655       0.60520085869548534       0.30731320860827105       -1.7045364122335500       -1.9189388071497828       0.22620147847912978        2.1562443773449349        1.2015095042618344      -0.25099781550984790       0.56730909156184373       0.11222844399865130      -0.28251687161791983        4.0421111187234100       -3.3122186429242904       0.83340636230111664       -1.4909722298354735        4.1314671601039610        1.4799767048182235       0.10283615865452139       0.10801373966448866        1024.8067597466438     
           0
   1.1055945167632333E-002
