
     Program PWSCF v.6.5 starts on 13May2020 at 16:58: 3 

     This program is part of the open-source Quantum ESPRESSO suite
     for quantum simulation of materials; please cite
         "P. Giannozzi et al., J. Phys.:Condens. Matter 21 395502 (2009);
         "P. Giannozzi et al., J. Phys.:Condens. Matter 29 465901 (2017);
          URL http://www.quantum-espresso.org", 
     in publications or presentations arising from this work. More details at
     http://www.quantum-espresso.org/quote

     Serial version
     Reading input from scf.inp

     Current dimensions of program PWSCF are:
     Max number of different atomic species (ntypx) = 10
     Max number of k-points (npk) =  40000
     Max angular momentum in pseudopotentials (lmaxx) =  3

     Program PWSCF v.6.5 starts on 13May2020 at 16:58: 3 

     This program is part of the open-source Quantum ESPRESSO suite
     for quantum simulation of materials; please cite
         "P. Giannozzi et al., J. Phys.:Condens. Matter 21 395502 (2009);
         "P. Giannozzi et al., J. Phys.:Condens. Matter 29 465901 (2017);
          URL http://www.quantum-espresso.org", 
     in publications or presentations arising from this work. More details at
     http://www.quantum-espresso.org/quote

     Serial version
     Reading input from scf.inp

     Current dimensions of program PWSCF are:
     Max number of different atomic species (ntypx) = 10
     Max number of k-points (npk) =  40000
     Max angular momentum in pseudopotentials (lmaxx) =  3

     Program PWSCF v.6.5 starts on 13May2020 at 16:58: 3 

     This program is part of the open-source Quantum ESPRESSO suite
     for quantum simulation of materials; please cite
         "P. Giannozzi et al., J. Phys.:Condens. Matter 21 395502 (2009);
         "P. Giannozzi et al., J. Phys.:Condens. Matter 29 465901 (2017);
          URL http://www.quantum-espresso.org", 
     in publications or presentations arising from this work. More details at
     http://www.quantum-espresso.org/quote

     Serial version
     Reading input from scf.inp

     Current dimensions of program PWSCF are:
     Max number of different atomic species (ntypx) = 10
     Max number of k-points (npk) =  40000
     Max angular momentum in pseudopotentials (lmaxx) =  3

     Program PWSCF v.6.5 starts on 13May2020 at 16:58: 3 

     This program is part of the open-source Quantum ESPRESSO suite
     for quantum simulation of materials; please cite
         "P. Giannozzi et al., J. Phys.:Condens. Matter 21 395502 (2009);
         "P. Giannozzi et al., J. Phys.:Condens. Matter 29 465901 (2017);
          URL http://www.quantum-espresso.org", 
     in publications or presentations arising from this work. More details at
     http://www.quantum-espresso.org/quote

     Serial version
     Reading input from scf.inp

     Current dimensions of program PWSCF are:
     Max number of different atomic species (ntypx) = 10
     Max number of k-points (npk) =  40000
     Max angular momentum in pseudopotentials (lmaxx) =  3

     Program PWSCF v.6.5 starts on 13May2020 at 16:58: 3 

     This program is part of the open-source Quantum ESPRESSO suite
     for quantum simulation of materials; please cite
         "P. Giannozzi et al., J. Phys.:Condens. Matter 21 395502 (2009);
         "P. Giannozzi et al., J. Phys.:Condens. Matter 29 465901 (2017);
          URL http://www.quantum-espresso.org", 
     in publications or presentations arising from this work. More details at
     http://www.quantum-espresso.org/quote

     Serial version
     Reading input from scf.inp

     Current dimensions of program PWSCF are:
     Max number of different atomic species (ntypx) = 10
     Max number of k-points (npk) =  40000
     Max angular momentum in pseudopotentials (lmaxx) =  3

     Program PWSCF v.6.5 starts on 13May2020 at 16:58: 3 

     This program is part of the open-source Quantum ESPRESSO suite
     for quantum simulation of materials; please cite
         "P. Giannozzi et al., J. Phys.:Condens. Matter 21 395502 (2009);
         "P. Giannozzi et al., J. Phys.:Condens. Matter 29 465901 (2017);
          URL http://www.quantum-espresso.org", 
     in publications or presentations arising from this work. More details at
     http://www.quantum-espresso.org/quote

     Serial version
     Reading input from scf.inp

     Current dimensions of program PWSCF are:
     Max number of different atomic species (ntypx) = 10
     Max number of k-points (npk) =  40000
     Max angular momentum in pseudopotentials (lmaxx) =  3

     Program PWSCF v.6.5 starts on 13May2020 at 16:58: 3 

     This program is part of the open-source Quantum ESPRESSO suite
     for quantum simulation of materials; please cite
         "P. Giannozzi et al., J. Phys.:Condens. Matter 21 395502 (2009);
         "P. Giannozzi et al., J. Phys.:Condens. Matter 29 465901 (2017);
          URL http://www.quantum-espresso.org", 
     in publications or presentations arising from this work. More details at
     http://www.quantum-espresso.org/quote

     Serial version
     Reading input from scf.inp

     Current dimensions of program PWSCF are:
     Max number of different atomic species (ntypx) = 10
     Max number of k-points (npk) =  40000
     Max angular momentum in pseudopotentials (lmaxx) =  3

     Program PWSCF v.6.5 starts on 13May2020 at 16:58: 3 

     This program is part of the open-source Quantum ESPRESSO suite
     for quantum simulation of materials; please cite
         "P. Giannozzi et al., J. Phys.:Condens. Matter 21 395502 (2009);
         "P. Giannozzi et al., J. Phys.:Condens. Matter 29 465901 (2017);
          URL http://www.quantum-espresso.org", 
     in publications or presentations arising from this work. More details at
     http://www.quantum-espresso.org/quote

     Serial version
     Reading input from scf.inp

     Current dimensions of program PWSCF are:
     Max number of different atomic species (ntypx) = 10
     Max number of k-points (npk) =  40000
     Max angular momentum in pseudopotentials (lmaxx) =  3

     Program PWSCF v.6.5 starts on 13May2020 at 16:58: 3 

     This program is part of the open-source Quantum ESPRESSO suite
     for quantum simulation of materials; please cite
         "P. Giannozzi et al., J. Phys.:Condens. Matter 21 395502 (2009);
         "P. Giannozzi et al., J. Phys.:Condens. Matter 29 465901 (2017);
          URL http://www.quantum-espresso.org", 
     in publications or presentations arising from this work. More details at
     http://www.quantum-espresso.org/quote

     Serial version
     Reading input from scf.inp

     Current dimensions of program PWSCF are:
     Max number of different atomic species (ntypx) = 10
     Max number of k-points (npk) =  40000
     Max angular momentum in pseudopotentials (lmaxx) =  3

     Program PWSCF v.6.5 starts on 13May2020 at 16:58: 3 

     This program is part of the open-source Quantum ESPRESSO suite
     for quantum simulation of materials; please cite
         "P. Giannozzi et al., J. Phys.:Condens. Matter 21 395502 (2009);
         "P. Giannozzi et al., J. Phys.:Condens. Matter 29 465901 (2017);
          URL http://www.quantum-espresso.org", 
     in publications or presentations arising from this work. More details at
     http://www.quantum-espresso.org/quote

     Serial version
     Reading input from scf.inp

     Current dimensions of program PWSCF are:
     Max number of different atomic species (ntypx) = 10
     Max number of k-points (npk) =  40000
     Max angular momentum in pseudopotentials (lmaxx) =  3
     Message from routine read_upf::
     Pseudo file C.pbe-n-kjpaw_psl.0.1.UPF has been fixed on the fly.
To avoid this message in the future, permanently fix 
 your pseudo files following these instructions: 
https://gitlab.com/QEF/q-e/blob/master/upftools/how_to_fix_upf.md
               file C.pbe-n-kjpaw_psl.0.1.UPF: wavefunction(s)  2P renormalized
     Message from routine setup:
     using ibrav=0 with symmetry is DISCOURAGED, use correct ibrav instead
     Message from routine read_upf::
     Pseudo file C.pbe-n-kjpaw_psl.0.1.UPF has been fixed on the fly.
To avoid this message in the future, permanently fix 
 your pseudo files following these instructions: 
https://gitlab.com/QEF/q-e/blob/master/upftools/how_to_fix_upf.md

               file C.pbe-n-kjpaw_psl.0.1.UPF: wavefunction(s)  2P renormalized
     Message from routine setup:
     using ibrav=0 with symmetry is DISCOURAGED, use correct ibrav instead

     G-vector sticks info
     --------------------
     sticks:   dense  smooth     PW     G-vecs:    dense   smooth      PW
     Sum         313     313     97                18099    18099    3157


     Title: 
     2 atoms graphene fragment. SCF                                             


     bravais-lattice index     =            0
     lattice parameter (alat)  =       4.6531  a.u.
     unit-cell volume          =     355.3177 (a.u.)^3
     number of atoms/cell      =            2
     number of atomic types    =            1
     number of electrons       =         8.00
     number of Kohn-Sham states=            8
     kinetic-energy cutoff     =      52.0000  Ry
     charge density cutoff     =     208.0000  Ry
     convergence threshold     =      1.0E-06
     mixing beta               =       0.7000
     number of iterations used =            8  plain     mixing
     Exchange-correlation= SLA PW PBX PBC
                           (   1   4   3   4   0   0   0)

     celldm(1)=   4.653073  celldm(2)=   0.000000  celldm(3)=   0.000000
     celldm(4)=   0.000000  celldm(5)=   0.000000  celldm(6)=   0.000000

     crystal axes: (cart. coord. in units of alat)
               a(1) = (   1.001391  -0.000000   0.000000 )  
               a(2) = (  -0.500696   0.867230   0.000000 )  
               a(3) = (   0.000000   0.000000   4.061244 )  

     reciprocal axes: (cart. coord. in units 2 pi/alat)
               b(1) = (  0.998611  0.576548 -0.000000 )  
               b(2) = (  0.000000  1.153096 -0.000000 )  
               b(3) = ( -0.000000 -0.000000  0.246230 )  


     PseudoPot. # 1 for C  read from file:
     ./C.pbe-n-kjpaw_psl.0.1.UPF
     MD5 check sum: 430fe95172b1e11ef3f8ed03bac87931
     Pseudo is Projector augmented-wave + core cor, Zval =  4.0
     Generated using "atomic" code by A. Dal Corso v.5.0.99 svn rev. 10869
     Shape of augmentation charge: BESSEL
     Using radial grid of 1073 points,  4 beta functions with: 
                l(1) =   0
                l(2) =   0
                l(3) =   1
                l(4) =   1
     Q(r) pseudized with 0 coefficients 


     atomic species   valence    mass     pseudopotential
        C              4.00    12.01100     C ( 1.00)

     24 Sym. Ops., with inversion, found


                                    s                        frac. trans.

      isym =  1     identity                                     

 cryst.   s( 1) = (     1          0          0      )
                  (     0          1          0      )
                  (     0          0          1      )

 cart.    s( 1) = (  1.0000000 -0.0000000  0.0000000 )
                  (  0.0000000  1.0000000  0.0000000 )
                  (  0.0000000  0.0000000  1.0000000 )


      isym =  2     180 deg rotation - cart. axis [0,0,1]        

 cryst.   s( 2) = (    -1          0          0      )
                  (     0         -1          0      )
                  (     0          0          1      )

 cart.    s( 2) = ( -1.0000000  0.0000000  0.0000000 )
                  (  0.0000000 -1.0000000  0.0000000 )
                  (  0.0000000  0.0000000  1.0000000 )


      isym =  3     180 deg rotation - cart. axis [0,1,0]        

 cryst.   s( 3) = (    -1          0          0      )
                  (     1          1          0      )
                  (     0          0         -1      )

 cart.    s( 3) = ( -1.0000000  0.0000000  0.0000000 )
                  (  0.0000000  1.0000000  0.0000000 )
                  (  0.0000000  0.0000000 -1.0000000 )


      isym =  4     180 deg rotation - cart. axis [1,0,0]        

 cryst.   s( 4) = (     1          0          0      )
                  (    -1         -1          0      )
                  (     0          0         -1      )

 cart.    s( 4) = (  1.0000000 -0.0000000  0.0000000 )
                  (  0.0000000 -1.0000000  0.0000000 )
                  (  0.0000000  0.0000000 -1.0000000 )


      isym =  5      60 deg rotation - cryst. axis [0,0,1]       

 cryst.   s( 5) = (     1          1          0      )
                  (    -1          0          0      )
                  (     0          0          1      )

 cart.    s( 5) = (  0.5000000 -0.8660254  0.0000000 )
                  (  0.8660254  0.5000000  0.0000000 )
                  (  0.0000000  0.0000000  1.0000000 )


      isym =  6      60 deg rotation - cryst. axis [0,0,-1]      

 cryst.   s( 6) = (     0         -1          0      )
                  (     1          1          0      )
                  (     0          0          1      )

 cart.    s( 6) = (  0.5000000  0.8660254  0.0000000 )
                  ( -0.8660254  0.5000000  0.0000000 )
                  (  0.0000000  0.0000000  1.0000000 )


      isym =  7     120 deg rotation - cryst. axis [0,0,1]       

 cryst.   s( 7) = (     0          1          0      )
                  (    -1         -1          0      )
                  (     0          0          1      )

 cart.    s( 7) = ( -0.5000000 -0.8660254  0.0000000 )
                  (  0.8660254 -0.5000000  0.0000000 )
                  (  0.0000000  0.0000000  1.0000000 )


      isym =  8     120 deg rotation - cryst. axis [0,0,-1]      

 cryst.   s( 8) = (    -1         -1          0      )
                  (     1          0          0      )
                  (     0          0          1      )

 cart.    s( 8) = ( -0.5000000  0.8660254  0.0000000 )
                  ( -0.8660254 -0.5000000  0.0000000 )
                  (  0.0000000  0.0000000  1.0000000 )


      isym =  9     180 deg rotation - cryst. axis [1,-1,0]      

 cryst.   s( 9) = (     0         -1          0      )
                  (    -1          0          0      )
                  (     0          0         -1      )

 cart.    s( 9) = (  0.5000000 -0.8660254  0.0000000 )
                  ( -0.8660254 -0.5000000  0.0000000 )
                  (  0.0000000  0.0000000 -1.0000000 )


      isym = 10     180 deg rotation - cryst. axis [2,1,0]       

 cryst.   s(10) = (     1          1          0      )
                  (     0         -1          0      )
                  (     0          0         -1      )

 cart.    s(10) = (  0.5000000  0.8660254  0.0000000 )
                  (  0.8660254 -0.5000000  0.0000000 )
                  (  0.0000000  0.0000000 -1.0000000 )


      isym = 11     180 deg rotation - cryst. axis [0,1,0]       

 cryst.   s(11) = (    -1         -1          0      )
                  (     0          1          0      )
                  (     0          0         -1      )

 cart.    s(11) = ( -0.5000000 -0.8660254  0.0000000 )
                  ( -0.8660254  0.5000000  0.0000000 )
                  (  0.0000000  0.0000000 -1.0000000 )


      isym = 12     180 deg rotation - cryst. axis [1,1,0]       

 cryst.   s(12) = (     0          1          0      )
                  (     1          0          0      )
                  (     0          0         -1      )

 cart.    s(12) = ( -0.5000000  0.8660254  0.0000000 )
                  (  0.8660254  0.5000000  0.0000000 )
     G-vector sticks info
     --------------------
     sticks:   dense  smooth     PW     G-vecs:    dense   smooth      PW
     Sum         313     313     97                18099    18099    3157


     Title: 
     2 atoms graphene fragment. SCF                                             


     bravais-lattice index     =            0
     lattice parameter (alat)  =       4.6531  a.u.
     unit-cell volume          =     355.3177 (a.u.)^3
     number of atoms/cell      =            2
     number of atomic types    =            1
     number of electrons       =         8.00
     number of Kohn-Sham states=            8
     kinetic-energy cutoff     =      52.0000  Ry
     charge density cutoff     =     208.0000  Ry
     convergence threshold     =      1.0E-06
     mixing beta               =       0.7000
     number of iterations used =            8  plain     mixing
     Exchange-correlation= SLA PW PBX PBC
                           (   1   4   3   4   0   0   0)

     celldm(1)=   4.653073  celldm(2)=   0.000000  celldm(3)=   0.000000
     celldm(4)=   0.000000  celldm(5)=   0.000000  celldm(6)=   0.000000

     crystal axes: (cart. coord. in units of alat)
               a(1) = (   1.001391  -0.000000   0.000000 )  
               a(2) = (  -0.500696   0.867230   0.000000 )  
               a(3) = (   0.000000   0.000000   4.061244 )  

     reciprocal axes: (cart. coord. in units 2 pi/alat)
               b(1) = (  0.998611  0.576548 -0.000000 )  
               b(2) = (  0.000000  1.153096 -0.000000 )  
               b(3) = ( -0.000000 -0.000000  0.246230 )  


     PseudoPot. # 1 for C  read from file:
     ./C.pbe-n-kjpaw_psl.0.1.UPF
     MD5 check sum: 430fe95172b1e11ef3f8ed03bac87931
     Pseudo is Projector augmented-wave + core cor, Zval =  4.0
     Generated using "atomic" code by A. Dal Corso v.5.0.99 svn rev. 10869
     Shape of augmentation charge: BESSEL
     Using radial grid of 1073 points,  4 beta functions with: 
                l(1) =   0
                l(2) =   0
                l(3) =   1
                l(4) =   1
     Q(r) pseudized with 0 coefficients 


     atomic species   valence    mass     pseudopotential
        C              4.00    12.01100     C ( 1.00)

     24 Sym. Ops., with inversion, found


                                    s                        frac. trans.

      isym =  1     identity                                     

 cryst.   s( 1) = (     1          0          0      )
                  (     0          1          0      )
                  (     0          0          1      )

 cart.    s( 1) = (  1.0000000 -0.0000000  0.0000000 )
                  (  0.0000000  1.0000000  0.0000000 )
                  (  0.0000000  0.0000000  1.0000000 )


      isym =  2     180 deg rotation - cart. axis [0,0,1]        

 cryst.   s( 2) = (    -1          0          0      )
                  (     0         -1          0      )
                  (     0          0          1      )

 cart.    s( 2) = ( -1.0000000  0.0000000  0.0000000 )
                  (  0.0000000 -1.0000000  0.0000000 )
                  (  0.0000000  0.0000000  1.0000000 )


      isym =  3     180 deg rotation - cart. axis [0,1,0]        

 cryst.   s( 3) = (    -1          0          0      )
                  (     1          1          0      )
                  (     0          0         -1      )

 cart.    s( 3) = ( -1.0000000  0.0000000  0.0000000 )
                  (  0.0000000  1.0000000  0.0000000 )
                  (  0.0000000  0.0000000 -1.0000000 )


      isym =  4     180 deg rotation - cart. axis [1,0,0]        

 cryst.   s( 4) = (     1          0          0      )
                  (    -1         -1          0      )
                  (     0          0         -1      )

 cart.    s( 4) = (  1.0000000 -0.0000000  0.0000000 )
                  (  0.0000000 -1.0000000  0.0000000 )
                  (  0.0000000  0.0000000 -1.0000000 )


      isym =  5      60 deg rotation - cryst. axis [0,0,1]       

 cryst.   s( 5) = (     1          1          0      )
                  (    -1          0          0      )
                  (     0          0          1      )

 cart.    s( 5) = (  0.5000000 -0.8660254  0.0000000 )
                  (  0.8660254  0.5000000  0.0000000 )
                  (  0.0000000  0.0000000  1.0000000 )


      isym =  6      60 deg rotation - cryst. axis [0,0,-1]      

 cryst.   s( 6) = (     0         -1          0      )
                  (     1          1          0      )
                  (     0          0          1      )

 cart.    s( 6) = (  0.5000000  0.8660254  0.0000000 )
                  ( -0.8660254  0.5000000  0.0000000 )
                  (  0.0000000  0.0000000  1.0000000 )


      isym =  7     120 deg rotation - cryst. axis [0,0,1]       

 cryst.   s( 7) = (     0          1          0      )
                  (    -1         -1          0      )
                  (     0          0          1      )

 cart.    s( 7) = ( -0.5000000 -0.8660254  0.0000000 )
                  (  0.8660254 -0.5000000  0.0000000 )
                  (  0.0000000  0.0000000  1.0000000 )


      isym =  8     120 deg rotation - cryst. axis [0,0,-1]      

 cryst.   s( 8) = (    -1         -1          0      )
                  (     1          0          0      )
                  (     0          0          1      )

 cart.    s( 8) = ( -0.5000000  0.8660254  0.0000000 )
                  ( -0.8660254 -0.5000000  0.0000000 )
                  (  0.0000000  0.0000000  1.0000000 )


      isym =  9     180 deg rotation - cryst. axis [1,-1,0]      

 cryst.   s( 9) = (     0         -1          0      )
                  (    -1          0          0      )
                  (     0          0         -1      )

 cart.    s( 9) = (  0.5000000 -0.8660254  0.0000000 )
                  ( -0.8660254 -0.5000000  0.0000000 )
                  (  0.0000000  0.0000000 -1.0000000 )


      isym = 10     180 deg rotation - cryst. axis [2,1,0]       

 cryst.   s(10) = (     1          1          0      )
                  (     0         -1          0      )
                  (     0          0         -1      )

 cart.    s(10) = (  0.5000000  0.8660254  0.0000000 )
                  (  0.8660254 -0.5000000  0.0000000 )
                  (  0.0000000  0.0000000 -1.0000000 )


      isym = 11     180 deg rotation - cryst. axis [0,1,0]       

 cryst.   s(11) = (    -1         -1          0      )
                  (     0          1          0      )
                  (     0          0         -1      )

 cart.    s(11) = ( -0.5000000 -0.8660254  0.0000000 )
                  ( -0.8660254  0.5000000  0.0000000 )
                  (  0.0000000  0.0000000 -1.0000000 )


      isym = 12     180 deg rotation - cryst. axis [1,1,0]       

 cryst.   s(12) = (     0          1          0      )
                  (     1          0          0      )
                  (     0          0         -1      )

 cart.    s(12) = ( -0.5000000  0.8660254  0.0000000 )
                  (  0.8660254  0.5000000  0.0000000 )
                  (  0.0000000  0.0000000 -1.0000000 )


      isym = 13     inversion                                    

 cryst.   s(13) = (    -1          0          0      )
                  (     0         -1          0      )
                  (     0          0         -1      )

 cart.    s(13) = ( -1.0000000  0.0000000  0.0000000 )
                  (  0.0000000 -1.0000000  0.0000000 )
                  (  0.0000000  0.0000000 -1.0000000 )


      isym = 14     inv. 180 deg rotation - cart. axis [0,0,1]   

 cryst.   s(14) = (     1          0          0      )
                  (     0          1          0      )
                  (     0          0         -1      )

 cart.    s(14) = (  1.0000000 -0.0000000  0.0000000 )
                  (  0.0000000  1.0000000  0.0000000 )
                  (  0.0000000  0.0000000 -1.0000000 )


      isym = 15     inv. 180 deg rotation - cart. axis [0,1,0]   

 cryst.   s(15) = (     1          0          0      )
                  (    -1         -1          0      )
                  (     0          0          1      )

 cart.    s(15) = (  1.0000000 -0.0000000  0.0000000 )
                  (  0.0000000 -1.0000000  0.0000000 )
                  (  0.0000000  0.0000000  1.0000000 )


      isym = 16     inv. 180 deg rotation - cart. axis [1,0,0]   

 cryst.   s(16) = (    -1          0          0      )
                  (     1          1          0      )
                  (     0          0          1      )

 cart.    s(16) = ( -1.0000000  0.0000000  0.0000000 )
                  (  0.0000000  1.0000000  0.0000000 )
                  (  0.0000000  0.0000000  1.0000000 )


      isym = 17     inv.  60 deg rotation - cryst. axis [0,0,1]  

 cryst.   s(17) = (    -1         -1          0      )
                  (     1          0          0      )
                  (     0          0         -1      )

 cart.    s(17) = ( -0.5000000  0.8660254  0.0000000 )
                  ( -0.8660254 -0.5000000  0.0000000 )
                  (  0.0000000  0.0000000 -1.0000000 )


      isym = 18     inv.  60 deg rotation - cryst. axis [0,0,-1] 

 cryst.   s(18) = (     0          1          0      )
                  (    -1         -1          0      )
                  (     0          0         -1      )

 cart.    s(18) = ( -0.5000000 -0.8660254  0.0000000 )
                  (  0.8660254 -0.5000000  0.0000000 )
                  (  0.0000000  0.0000000 -1.0000000 )


      isym = 19     inv. 120 deg rotation - cryst. axis [0,0,1]  

 cryst.   s(19) = (     0         -1          0      )
                  (     1          1          0      )
                  (     0          0         -1      )

 cart.    s(19) = (  0.5000000  0.8660254  0.0000000 )
                  ( -0.8660254  0.5000000  0.0000000 )
                  (  0.0000000  0.0000000 -1.0000000 )


      isym = 20     inv. 120 deg rotation - cryst. axis [0,0,-1] 

 cryst.   s(20) = (     1          1          0      )
                  (    -1          0          0      )
                  (     0          0         -1      )

 cart.    s(20) = (  0.5000000 -0.8660254  0.0000000 )
                  (  0.8660254  0.5000000  0.0000000 )
                  (  0.0000000  0.0000000 -1.0000000 )


      isym = 21     inv. 180 deg rotation - cryst. axis [1,-1,0] 

 cryst.   s(21) = (     0          1          0      )
                  (     1          0          0      )
                  (     0          0          1      )

 cart.    s(21) = ( -0.5000000  0.8660254  0.0000000 )
                  (  0.8660254  0.5000000  0.0000000 )
                  (  0.0000000  0.0000000  1.0000000 )


      isym = 22     inv. 180 deg rotation - cryst. axis [2,1,0]  

 cryst.   s(22) = (    -1         -1          0      )
                  (     0          1          0      )
                  (     0          0          1      )

 cart.    s(22) = ( -0.5000000 -0.8660254  0.0000000 )
                  ( -0.8660254  0.5000000  0.0000000 )
                  (  0.0000000  0.0000000  1.0000000 )


      isym = 23     inv. 180 deg rotation - cryst. axis [0,1,0]  

 cryst.   s(23) = (     1          1          0      )
                  (     0         -1          0      )
                  (     0          0          1      )

 cart.    s(23) = (  0.5000000  0.8660254  0.0000000 )
                  (  0.8660254 -0.5000000  0.0000000 )
                  (  0.0000000  0.0000000  1.0000000 )


      isym = 24     inv. 180 deg rotation - cryst. axis [1,1,0]  

 cryst.   s(24) = (     0         -1          0      )
                  (    -1          0          0      )
                  (     0          0          1      )

 cart.    s(24) = (  0.5000000 -0.8660254  0.0000000 )
                  ( -0.8660254 -0.5000000  0.0000000 )
                  (  0.0000000  0.0000000  1.0000000 )


   Cartesian axes

     site n.     atom                  positions (alat units)
         1           C   tau(   1) = (   0.0000000   0.5781535   2.0306218  )
         2           C   tau(   2) = (   0.5006957   0.2890768   2.0306218  )

   Crystallographic axes

     site n.     atom                  positions (cryst. coord.)
         1           C   tau(   1) = (  0.3333333  0.6666667  0.5000000  )
         2           C   tau(   2) = (  0.6666667  0.3333333  0.5000000  )

     number of k points=    19  Methfessel-Paxton smearing, width (Ry)=  0.0200
                       cart. coord. in units 2pi/alat
        k(    1) = (   0.0000000   0.0000000   0.0000000), wk =   0.0138889
        k(    2) = (   0.0000000   0.0960914   0.0000000), wk =   0.0833333
        k(    3) = (   0.0000000   0.1921827   0.0000000), wk =   0.0833333
        k(    4) = (   0.0000000   0.2882741   0.0000000), wk =   0.0833333
        k(    5) = (   0.0000000   0.3843654   0.0000000), wk =   0.0833333
        k(    6) = (   0.0000000   0.4804568   0.0000000), wk =   0.0833333
        k(    7) = (   0.0000000  -0.5765481   0.0000000), wk =   0.0416667
        k(    8) = (   0.0832176   0.1441370   0.0000000), wk =   0.0833333
        k(    9) = (   0.0832176   0.2402284   0.0000000), wk =   0.1666667
        k(   10) = (   0.0832176   0.3363197   0.0000000), wk =   0.1666667
        k(   11) = (   0.0832176   0.4324111   0.0000000), wk =   0.1666667
        k(   12) = (   0.0832176   0.5285024   0.0000000), wk =   0.1666667
        k(   13) = (   0.1664351   0.2882741   0.0000000), wk =   0.0833333
        k(   14) = (   0.1664351   0.3843654   0.0000000), wk =   0.1666667
        k(   15) = (   0.1664351   0.4804568   0.0000000), wk =   0.1666667
        k(   16) = (   0.1664351   0.5765481   0.0000000), wk =   0.0833333
        k(   17) = (   0.2496527   0.4324111   0.0000000), wk =   0.0833333
        k(   18) = (   0.2496527   0.5285024   0.0000000), wk =   0.1666667
        k(   19) = (   0.3328702   0.5765481   0.0000000), wk =   0.0277778

                       cryst. coord.
        k(    1) = (   0.0000000   0.0000000   0.0000000), wk =   0.0138889
        k(    2) = (   0.0000000   0.0833333   0.0000000), wk =   0.0833333
        k(    3) = (   0.0000000   0.1666667   0.0000000), wk =   0.0833333
        k(    4) = (   0.0000000   0.2500000   0.0000000), wk =   0.0833333
        k(    5) = (   0.0000000   0.3333333   0.0000000), wk =   0.0833333
        k(    6) = (   0.0000000   0.4166667   0.0000000), wk =   0.0833333
        k(    7) = (   0.0000000  -0.5000000   0.0000000), wk =   0.0416667
        k(    8) = (   0.0833333   0.0833333   0.0000000), wk =   0.0833333
        k(    9) = (   0.0833333   0.1666667   0.0000000), wk =   0.1666667
        k(   10) = (   0.0833333   0.2500000   0.0000000), wk =   0.1666667
        k(   11) = (   0.0833333   0.3333333   0.0000000), wk =   0.1666667
        k(   12) = (   0.0833333   0.4166667   0.0000000), wk =   0.1666667
        k(   13) = (   0.1666667   0.1666667   0.0000000), wk =   0.0833333
        k(   14) = (   0.1666667   0.2500000   0.0000000), wk =   0.1666667
        k(   15) = (   0.1666667   0.3333333   0.0000000), wk =   0.1666667
        k(   16) = (   0.1666667   0.4166667   0.0000000), wk =   0.0833333
        k(   17) = (   0.2500000   0.2500000   0.0000000), wk =   0.0833333
        k(   18) = (   0.2500000   0.3333333   0.0000000), wk =   0.1666667
        k(   19) = (   0.3333333   0.3333333   0.0000000), wk =   0.0277778

     Dense  grid:    18099 G-vectors     FFT dimensions: (  24,  24,  90)

     Dynamical RAM for                 wfc:       0.27 MB

     Dynamical RAM for     wfc (w. buffer):       5.49 MB

     Dynamical RAM for           str. fact:       0.28 MB

     Dynamical RAM for           local pot:       0.00 MB

     Dynamical RAM for          nlocal pot:       0.55 MB

     Dynamical RAM for                qrad:       0.25 MB

     Dynamical RAM for          rho,v,vnew:       2.02 MB

     Dynamical RAM for               rhoin:       0.67 MB

     Dynamical RAM for            rho*nmix:       4.42 MB

     Dynamical RAM for           G-vectors:       1.17 MB

     Dynamical RAM for          h,s,v(r/c):       0.05 MB

     Dynamical RAM for          <psi|beta>:       0.00 MB

     Dynamical RAM for                 psi:       1.10 MB

     Dynamical RAM for                hpsi:       1.10 MB

     Dynamical RAM for                spsi:       1.10 MB

     Dynamical RAM for      wfcinit/wfcrot:       0.55 MB

     Dynamical RAM for           addusdens:      12.43 MB

     Dynamical RAM for          addusforce:      13.12 MB

     Dynamical RAM for         addusstress:      13.81 MB

     Estimated static dynamical RAM per process >      17.37 MB

     Estimated max dynamical RAM per process >      31.18 MB
                  (  0.0000000  0.0000000 -1.0000000 )


      isym = 13     inversion                                    

 cryst.   s(13) = (    -1          0          0      )
                  (     0         -1          0      )
                  (     0          0         -1      )

 cart.    s(13) = ( -1.0000000  0.0000000  0.0000000 )
                  (  0.0000000 -1.0000000  0.0000000 )
                  (  0.0000000  0.0000000 -1.0000000 )


      isym = 14     inv. 180 deg rotation - cart. axis [0,0,1]   

 cryst.   s(14) = (     1          0          0      )
                  (     0          1          0      )
                  (     0          0         -1      )

 cart.    s(14) = (  1.0000000 -0.0000000  0.0000000 )
                  (  0.0000000  1.0000000  0.0000000 )
                  (  0.0000000  0.0000000 -1.0000000 )


      isym = 15     inv. 180 deg rotation - cart. axis [0,1,0]   

 cryst.   s(15) = (     1          0          0      )
                  (    -1         -1          0      )
                  (     0          0          1      )

 cart.    s(15) = (  1.0000000 -0.0000000  0.0000000 )
                  (  0.0000000 -1.0000000  0.0000000 )
                  (  0.0000000  0.0000000  1.0000000 )


      isym = 16     inv. 180 deg rotation - cart. axis [1,0,0]   

 cryst.   s(16) = (    -1          0          0      )
                  (     1          1          0      )
                  (     0          0          1      )

 cart.    s(16) = ( -1.0000000  0.0000000  0.0000000 )
                  (  0.0000000  1.0000000  0.0000000 )
                  (  0.0000000  0.0000000  1.0000000 )


      isym = 17     inv.  60 deg rotation - cryst. axis [0,0,1]  

 cryst.   s(17) = (    -1         -1          0      )
                  (     1          0          0      )
                  (     0          0         -1      )

 cart.    s(17) = ( -0.5000000  0.8660254  0.0000000 )
                  ( -0.8660254 -0.5000000  0.0000000 )
                  (  0.0000000  0.0000000 -1.0000000 )


      isym = 18     inv.  60 deg rotation - cryst. axis [0,0,-1] 

 cryst.   s(18) = (     0          1          0      )
                  (    -1         -1          0      )
                  (     0          0         -1      )

 cart.    s(18) = ( -0.5000000 -0.8660254  0.0000000 )
                  (  0.8660254 -0.5000000  0.0000000 )
                  (  0.0000000  0.0000000 -1.0000000 )


      isym = 19     inv. 120 deg rotation - cryst. axis [0,0,1]  

 cryst.   s(19) = (     0         -1          0      )
                  (     1          1          0      )
                  (     0          0         -1      )

 cart.    s(19) = (  0.5000000  0.8660254  0.0000000 )
                  ( -0.8660254  0.5000000  0.0000000 )
                  (  0.0000000  0.0000000 -1.0000000 )


      isym = 20     inv. 120 deg rotation - cryst. axis [0,0,-1] 

 cryst.   s(20) = (     1          1          0      )
                  (    -1          0          0      )
                  (     0          0         -1      )

 cart.    s(20) = (  0.5000000 -0.8660254  0.0000000 )
                  (  0.8660254  0.5000000  0.0000000 )
                  (  0.0000000  0.0000000 -1.0000000 )


      isym = 21     inv. 180 deg rotation - cryst. axis [1,-1,0] 

 cryst.   s(21) = (     0          1          0      )
                  (     1          0          0      )
                  (     0          0          1      )

 cart.    s(21) = ( -0.5000000  0.8660254  0.0000000 )
                  (  0.8660254  0.5000000  0.0000000 )
                  (  0.0000000  0.0000000  1.0000000 )


      isym = 22     inv. 180 deg rotation - cryst. axis [2,1,0]  

 cryst.   s(22) = (    -1         -1          0      )
                  (     0          1          0      )
                  (     0          0          1      )

 cart.    s(22) = ( -0.5000000 -0.8660254  0.0000000 )
                  ( -0.8660254  0.5000000  0.0000000 )
                  (  0.0000000  0.0000000  1.0000000 )


      isym = 23     inv. 180 deg rotation - cryst. axis [0,1,0]  

 cryst.   s(23) = (     1          1          0      )
                  (     0         -1          0      )
                  (     0          0          1      )

 cart.    s(23) = (  0.5000000  0.8660254  0.0000000 )
                  (  0.8660254 -0.5000000  0.0000000 )
                  (  0.0000000  0.0000000  1.0000000 )


      isym = 24     inv. 180 deg rotation - cryst. axis [1,1,0]  

 cryst.   s(24) = (     0         -1          0      )
                  (    -1          0          0      )
                  (     0          0          1      )

 cart.    s(24) = (  0.5000000 -0.8660254  0.0000000 )
                  ( -0.8660254 -0.5000000  0.0000000 )
                  (  0.0000000  0.0000000  1.0000000 )


   Cartesian axes

     site n.     atom                  positions (alat units)
         1           C   tau(   1) = (   0.0000000   0.5781535   2.0306218  )
         2           C   tau(   2) = (   0.5006957   0.2890768   2.0306218  )

   Crystallographic axes

     site n.     atom                  positions (cryst. coord.)
         1           C   tau(   1) = (  0.3333333  0.6666667  0.5000000  )
         2           C   tau(   2) = (  0.6666667  0.3333333  0.5000000  )

     number of k points=    19  Methfessel-Paxton smearing, width (Ry)=  0.0200
                       cart. coord. in units 2pi/alat
        k(    1) = (   0.0000000   0.0000000   0.0000000), wk =   0.0138889
        k(    2) = (   0.0000000   0.0960914   0.0000000), wk =   0.0833333
        k(    3) = (   0.0000000   0.1921827   0.0000000), wk =   0.0833333
        k(    4) = (   0.0000000   0.2882741   0.0000000), wk =   0.0833333
        k(    5) = (   0.0000000   0.3843654   0.0000000), wk =   0.0833333
        k(    6) = (   0.0000000   0.4804568   0.0000000), wk =   0.0833333
        k(    7) = (   0.0000000  -0.5765481   0.0000000), wk =   0.0416667
        k(    8) = (   0.0832176   0.1441370   0.0000000), wk =   0.0833333
        k(    9) = (   0.0832176   0.2402284   0.0000000), wk =   0.1666667
        k(   10) = (   0.0832176   0.3363197   0.0000000), wk =   0.1666667
        k(   11) = (   0.0832176   0.4324111   0.0000000), wk =   0.1666667
        k(   12) = (   0.0832176   0.5285024   0.0000000), wk =   0.1666667
        k(   13) = (   0.1664351   0.2882741   0.0000000), wk =   0.0833333
        k(   14) = (   0.1664351   0.3843654   0.0000000), wk =   0.1666667
        k(   15) = (   0.1664351   0.4804568   0.0000000), wk =   0.1666667
        k(   16) = (   0.1664351   0.5765481   0.0000000), wk =   0.0833333
        k(   17) = (   0.2496527   0.4324111   0.0000000), wk =   0.0833333
        k(   18) = (   0.2496527   0.5285024   0.0000000), wk =   0.1666667
        k(   19) = (   0.3328702   0.5765481   0.0000000), wk =   0.0277778

                       cryst. coord.
        k(    1) = (   0.0000000   0.0000000   0.0000000), wk =   0.0138889
        k(    2) = (   0.0000000   0.0833333   0.0000000), wk =   0.0833333
        k(    3) = (   0.0000000   0.1666667   0.0000000), wk =   0.0833333
        k(    4) = (   0.0000000   0.2500000   0.0000000), wk =   0.0833333
        k(    5) = (   0.0000000   0.3333333   0.0000000), wk =   0.0833333
        k(    6) = (   0.0000000   0.4166667   0.0000000), wk =   0.0833333
        k(    7) = (   0.0000000  -0.5000000   0.0000000), wk =   0.0416667
