
     Program PWSCF v.6.5 starts on  4Jun2020 at 17:40:51 

     This program is part of the open-source Quantum ESPRESSO suite
     for quantum simulation of materials; please cite
         "P. Giannozzi et al., J. Phys.:Condens. Matter 21 395502 (2009);
         "P. Giannozzi et al., J. Phys.:Condens. Matter 29 465901 (2017);
          URL http://www.quantum-espresso.org", 
     in publications or presentations arising from this work. More details at
     http://www.quantum-espresso.org/quote

     Serial version
     Reading input from scf.inp

     Current dimensions of program PWSCF are:
     Max number of different atomic species (ntypx) = 10
     Max number of k-points (npk) =  40000
     Max angular momentum in pseudopotentials (lmaxx) =  3

     Program PWSCF v.6.5 starts on  4Jun2020 at 17:40:51 

     This program is part of the open-source Quantum ESPRESSO suite
     for quantum simulation of materials; please cite
         "P. Giannozzi et al., J. Phys.:Condens. Matter 21 395502 (2009);
         "P. Giannozzi et al., J. Phys.:Condens. Matter 29 465901 (2017);
          URL http://www.quantum-espresso.org", 
     in publications or presentations arising from this work. More details at
     http://www.quantum-espresso.org/quote

     Serial version
     Reading input from scf.inp

     Program PWSCF v.6.5 starts on  4Jun2020 at 17:40:51 

     This program is part of the open-source Quantum ESPRESSO suite
     for quantum simulation of materials; please cite
         "P. Giannozzi et al., J. Phys.:Condens. Matter 21 395502 (2009);
         "P. Giannozzi et al., J. Phys.:Condens. Matter 29 465901 (2017);
          URL http://www.quantum-espresso.org", 
     in publications or presentations arising from this work. More details at
     http://www.quantum-espresso.org/quote

     Serial version
     Reading input from scf.inp

     Current dimensions of program PWSCF are:
     Max number of different atomic species (ntypx) = 10
     Max number of k-points (npk) =  40000
     Max angular momentum in pseudopotentials (lmaxx) =  3

     Program PWSCF v.6.5 starts on  4Jun2020 at 17:40:51 

     This program is part of the open-source Quantum ESPRESSO suite
     for quantum simulation of materials; please cite
         "P. Giannozzi et al., J. Phys.:Condens. Matter 21 395502 (2009);
         "P. Giannozzi et al., J. Phys.:Condens. Matter 29 465901 (2017);
          URL http://www.quantum-espresso.org", 
     in publications or presentations arising from this work. More details at
     http://www.quantum-espresso.org/quote

     Serial version
     Reading input from scf.inp

     Current dimensions of program PWSCF are:
     Max number of different atomic species (ntypx) = 10
     Max number of k-points (npk) =  40000
     Max angular momentum in pseudopotentials (lmaxx) =  3

     Program PWSCF v.6.5 starts on  4Jun2020 at 17:40:51 

     This program is part of the open-source Quantum ESPRESSO suite
     for quantum simulation of materials; please cite
         "P. Giannozzi et al., J. Phys.:Condens. Matter 21 395502 (2009);
         "P. Giannozzi et al., J. Phys.:Condens. Matter 29 465901 (2017);
          URL http://www.quantum-espresso.org", 
     in publications or presentations arising from this work. More details at
     http://www.quantum-espresso.org/quote

     Serial version
     Reading input from scf.inp

     Current dimensions of program PWSCF are:
     Max number of different atomic species (ntypx) = 10
     Max number of k-points (npk) =  40000
     Max angular momentum in pseudopotentials (lmaxx) =  3

     Program PWSCF v.6.5 starts on  4Jun2020 at 17:40:51 

     This program is part of the open-source Quantum ESPRESSO suite
     for quantum simulation of materials; please cite
         "P. Giannozzi et al., J. Phys.:Condens. Matter 21 395502 (2009);
         "P. Giannozzi et al., J. Phys.:Condens. Matter 29 465901 (2017);
          URL http://www.quantum-espresso.org", 
     in publications or presentations arising from this work. More details at
     http://www.quantum-espresso.org/quote

     Serial version
     Reading input from scf.inp

     Current dimensions of program PWSCF are:
     Max number of different atomic species (ntypx) = 10
     Max number of k-points (npk) =  40000
     Max angular momentum in pseudopotentials (lmaxx) =  3

     Program PWSCF v.6.5 starts on  4Jun2020 at 17:40:51 

     This program is part of the open-source Quantum ESPRESSO suite
     for quantum simulation of materials; please cite
         "P. Giannozzi et al., J. Phys.:Condens. Matter 21 395502 (2009);
         "P. Giannozzi et al., J. Phys.:Condens. Matter 29 465901 (2017);
          URL http://www.quantum-espresso.org", 
     in publications or presentations arising from this work. More details at
     http://www.quantum-espresso.org/quote

     Serial version
     Reading input from scf.inp

     Current dimensions of program PWSCF are:
     Max number of different atomic species (ntypx) = 10
     Max number of k-points (npk) =  40000
     Max angular momentum in pseudopotentials (lmaxx) =  3

     Current dimensions of program PWSCF are:
     Max number of different atomic species (ntypx) = 10
     Max number of k-points (npk) =  40000
     Max angular momentum in pseudopotentials (lmaxx) =  3

     Program PWSCF v.6.5 starts on  4Jun2020 at 17:40:51 

     This program is part of the open-source Quantum ESPRESSO suite
     for quantum simulation of materials; please cite
         "P. Giannozzi et al., J. Phys.:Condens. Matter 21 395502 (2009);
         "P. Giannozzi et al., J. Phys.:Condens. Matter 29 465901 (2017);
          URL http://www.quantum-espresso.org", 
     in publications or presentations arising from this work. More details at
     http://www.quantum-espresso.org/quote

     Serial version
     Reading input from scf.inp

     Current dimensions of program PWSCF are:
     Max number of different atomic species (ntypx) = 10
     Max number of k-points (npk) =  40000
     Max angular momentum in pseudopotentials (lmaxx) =  3

     Program PWSCF v.6.5 starts on  4Jun2020 at 17:40:51 

     This program is part of the open-source Quantum ESPRESSO suite
     for quantum simulation of materials; please cite
         "P. Giannozzi et al., J. Phys.:Condens. Matter 21 395502 (2009);
         "P. Giannozzi et al., J. Phys.:Condens. Matter 29 465901 (2017);
          URL http://www.quantum-espresso.org", 
     in publications or presentations arising from this work. More details at
     http://www.quantum-espresso.org/quote

     Serial version
     Reading input from scf.inp

     Current dimensions of program PWSCF are:
     Max number of different atomic species (ntypx) = 10
     Max number of k-points (npk) =  40000
     Max angular momentum in pseudopotentials (lmaxx) =  3

     Program PWSCF v.6.5 starts on  4Jun2020 at 17:40:51 

     This program is part of the open-source Quantum ESPRESSO suite
     for quantum simulation of materials; please cite
         "P. Giannozzi et al., J. Phys.:Condens. Matter 21 395502 (2009);
         "P. Giannozzi et al., J. Phys.:Condens. Matter 29 465901 (2017);
          URL http://www.quantum-espresso.org", 
     in publications or presentations arising from this work. More details at
     http://www.quantum-espresso.org/quote

     Serial version
     Reading input from scf.inp

     Current dimensions of program PWSCF are:
     Max number of different atomic species (ntypx) = 10
     Max number of k-points (npk) =  40000
     Max angular momentum in pseudopotentials (lmaxx) =  3
     Message from routine read_upf::
     Pseudo file C.pbe-n-kjpaw_psl.0.1.UPF has been fixed on the fly.
To avoid this message in the future, permanently fix 
 your pseudo files following these instructions: 
https://gitlab.com/QEF/q-e/blob/master/upftools/how_to_fix_upf.md
               file C.pbe-n-kjpaw_psl.0.1.UPF: wavefunction(s)  2P renormalized

     G-vector sticks info
     --------------------
     sticks:   dense  smooth     PW     G-vecs:    dense   smooth      PW
     Sum         313     313     97                18051    18051    3157


     Title: 
     Unstrained graphene optimization. 2 atoms fragment. SCF                    


     bravais-lattice index     =            4
     lattice parameter (alat)  =       4.6531  a.u.
     unit-cell volume          =     354.3310 (a.u.)^3
     number of atoms/cell      =            2
     number of atomic types    =            1
     number of electrons       =         8.00
     number of Kohn-Sham states=            8
     kinetic-energy cutoff     =      52.0000  Ry
     charge density cutoff     =     208.0000  Ry
     convergence threshold     =      1.0E-06
     mixing beta               =       0.7000
     number of iterations used =            8  plain     mixing
     Exchange-correlation= SLA PW PBX PBC
                           (   1   4   3   4   0   0   0)

     celldm(1)=   4.653073  celldm(2)=   0.000000  celldm(3)=   4.061244
     celldm(4)=   0.000000  celldm(5)=   0.000000  celldm(6)=   0.000000

     crystal axes: (cart. coord. in units of alat)
               a(1) = (   1.000000   0.000000   0.000000 )  
               a(2) = (  -0.500000   0.866025   0.000000 )  
               a(3) = (   0.000000   0.000000   4.061244 )  

     reciprocal axes: (cart. coord. in units 2 pi/alat)
               b(1) = (  1.000000  0.577350 -0.000000 )  
               b(2) = (  0.000000  1.154701  0.000000 )  
               b(3) = (  0.000000 -0.000000  0.246230 )  


     PseudoPot. # 1 for C  read from file:
     ./C.pbe-n-kjpaw_psl.0.1.UPF
     MD5 check sum: 430fe95172b1e11ef3f8ed03bac87931
     Pseudo is Projector augmented-wave + core cor, Zval =  4.0
     Generated using "atomic" code by A. Dal Corso v.5.0.99 svn rev. 10869
     Shape of augmentation charge: BESSEL
     Using radial grid of 1073 points,  4 beta functions with: 
                l(1) =   0
                l(2) =   0
                l(3) =   1
                l(4) =   1
     Q(r) pseudized with 0 coefficients 


     atomic species   valence    mass     pseudopotential
        C              4.00    12.01100     C ( 1.00)

     24 Sym. Ops., with inversion, found


                                    s                        frac. trans.

      isym =  1     identity                                     

 cryst.   s( 1) = (     1          0          0      )
                  (     0          1          0      )
                  (     0          0          1      )

 cart.    s( 1) = (  1.0000000  0.0000000  0.0000000 )
                  (  0.0000000  1.0000000  0.0000000 )
                  (  0.0000000  0.0000000  1.0000000 )


      isym =  2     180 deg rotation - cart. axis [0,0,1]        

 cryst.   s( 2) = (    -1          0          0      )
                  (     0         -1          0      )
                  (     0          0          1      )

 cart.    s( 2) = ( -1.0000000  0.0000000  0.0000000 )
                  (  0.0000000 -1.0000000  0.0000000 )
                  (  0.0000000  0.0000000  1.0000000 )


      isym =  3     180 deg rotation - cart. axis [0,1,0]        

 cryst.   s( 3) = (    -1          0          0      )
                  (     1          1          0      )
                  (     0          0         -1      )

 cart.    s( 3) = ( -1.0000000  0.0000000  0.0000000 )
                  (  0.0000000  1.0000000  0.0000000 )
                  (  0.0000000  0.0000000 -1.0000000 )


      isym =  4     180 deg rotation - cart. axis [1,0,0]        

 cryst.   s( 4) = (     1          0          0      )
                  (    -1         -1          0      )
                  (     0          0         -1      )

 cart.    s( 4) = (  1.0000000  0.0000000  0.0000000 )
                  (  0.0000000 -1.0000000  0.0000000 )
                  (  0.0000000  0.0000000 -1.0000000 )


      isym =  5      60 deg rotation - cryst. axis [0,0,1]       

 cryst.   s( 5) = (     1          1          0      )
                  (    -1          0          0      )
                  (     0          0          1      )

 cart.    s( 5) = (  0.5000000 -0.8660254  0.0000000 )
                  (  0.8660254  0.5000000  0.0000000 )
                  (  0.0000000  0.0000000  1.0000000 )


      isym =  6      60 deg rotation - cryst. axis [0,0,-1]      

 cryst.   s( 6) = (     0         -1          0      )
                  (     1          1          0      )
                  (     0          0          1      )

 cart.    s( 6) = (  0.5000000  0.8660254  0.0000000 )
                  ( -0.8660254  0.5000000  0.0000000 )
                  (  0.0000000  0.0000000  1.0000000 )


      isym =  7     120 deg rotation - cryst. axis [0,0,1]       

 cryst.   s( 7) = (     0          1          0      )
                  (    -1         -1          0      )
                  (     0          0          1      )

 cart.    s( 7) = ( -0.5000000 -0.8660254  0.0000000 )
                  (  0.8660254 -0.5000000  0.0000000 )
                  (  0.0000000  0.0000000  1.0000000 )


      isym =  8     120 deg rotation - cryst. axis [0,0,-1]      

 cryst.   s( 8) = (    -1         -1          0      )
                  (     1          0          0      )
                  (     0          0          1      )

 cart.    s( 8) = ( -0.5000000  0.8660254  0.0000000 )
                  ( -0.8660254 -0.5000000  0.0000000 )
                  (  0.0000000  0.0000000  1.0000000 )


      isym =  9     180 deg rotation - cryst. axis [1,-1,0]      

 cryst.   s( 9) = (     0         -1          0      )
                  (    -1          0          0      )
                  (     0          0         -1      )

 cart.    s( 9) = (  0.5000000 -0.8660254  0.0000000 )
                  ( -0.8660254 -0.5000000  0.0000000 )
                  (  0.0000000  0.0000000 -1.0000000 )


      isym = 10     180 deg rotation - cryst. axis [2,1,0]       

 cryst.   s(10) = (     1          1          0      )
                  (     0         -1          0      )
                  (     0          0         -1      )

 cart.    s(10) = (  0.5000000  0.8660254  0.0000000 )
                  (  0.8660254 -0.5000000  0.0000000 )
                  (  0.0000000  0.0000000 -1.0000000 )


      isym = 11     180 deg rotation - cryst. axis [0,1,0]       

 cryst.   s(11) = (    -1         -1          0      )
                  (     0          1          0      )
                  (     0          0         -1      )

 cart.    s(11) = ( -0.5000000 -0.8660254  0.0000000 )
                  ( -0.8660254  0.5000000  0.0000000 )
                  (  0.0000000  0.0000000 -1.0000000 )


      isym = 12     180 deg rotation - cryst. axis [1,1,0]       

 cryst.   s(12) = (     0          1          0      )
                  (     1          0          0      )
                  (     0          0         -1      )

 cart.    s(12) = ( -0.5000000  0.8660254  0.0000000 )
                  (  0.8660254  0.5000000  0.0000000 )
                  (  0.0000000  0.0000000 -1.0000000 )


      isym = 13     inversion                                    

 cryst.   s(13) = (    -1          0          0      )
                  (     0         -1          0      )
                  (     0          0         -1      )

 cart.    s(13) = ( -1.0000000  0.0000000  0.0000000 )
                  (  0.0000000 -1.0000000  0.0000000 )
                  (  0.0000000  0.0000000 -1.0000000 )


      isym = 14     inv. 180 deg rotation - cart. axis [0,0,1]   

 cryst.   s(14) = (     1          0          0      )
                  (     0          1          0      )
                  (     0          0         -1      )

 cart.    s(14) = (  1.0000000  0.0000000  0.0000000 )
                  (  0.0000000  1.0000000  0.0000000 )
                  (  0.0000000  0.0000000 -1.0000000 )


      isym = 15     inv. 180 deg rotation - cart. axis [0,1,0]   

 cryst.   s(15) = (     1          0          0      )
                  (    -1         -1          0      )
                  (     0          0          1      )

 cart.    s(15) = (  1.0000000  0.0000000  0.0000000 )
                  (  0.0000000 -1.0000000  0.0000000 )
                  (  0.0000000  0.0000000  1.0000000 )


      isym = 16     inv. 180 deg rotation - cart. axis [1,0,0]   

 cryst.   s(16) = (    -1          0          0      )
                  (     1          1          0      )
                  (     0          0          1      )

 cart.    s(16) = ( -1.0000000  0.0000000  0.0000000 )
                  (  0.0000000  1.0000000  0.0000000 )
                  (  0.0000000  0.0000000  1.0000000 )


      isym = 17     inv.  60 deg rotation - cryst. axis [0,0,1]  

 cryst.   s(17) = (    -1         -1          0      )
                  (     1          0          0      )
                  (     0          0         -1      )

 cart.    s(17) = ( -0.5000000  0.8660254  0.0000000 )
                  ( -0.8660254 -0.5000000  0.0000000 )
                  (  0.0000000  0.0000000 -1.0000000 )


      isym = 18     inv.  60 deg rotation - cryst. axis [0,0,-1] 

 cryst.   s(18) = (     0          1          0      )
                  (    -1         -1          0      )
                  (     0          0         -1      )

 cart.    s(18) = ( -0.5000000 -0.8660254  0.0000000 )
                  (  0.8660254 -0.5000000  0.0000000 )
                  (  0.0000000  0.0000000 -1.0000000 )


      isym = 19     inv. 120 deg rotation - cryst. axis [0,0,1]  

 cryst.   s(19) = (     0         -1          0      )
                  (     1          1          0      )
                  (     0          0         -1      )

 cart.    s(19) = (  0.5000000  0.8660254  0.0000000 )
                  ( -0.8660254  0.5000000  0.0000000 )
                  (  0.0000000  0.0000000 -1.0000000 )


      isym = 20     inv. 120 deg rotation - cryst. axis [0,0,-1] 

 cryst.   s(20) = (     1          1          0      )
                  (    -1          0          0      )
                  (     0          0         -1      )

 cart.    s(20) = (  0.5000000 -0.8660254  0.0000000 )
                  (  0.8660254  0.5000000  0.0000000 )
                  (  0.0000000  0.0000000 -1.0000000 )


      isym = 21     inv. 180 deg rotation - cryst. axis [1,-1,0] 

 cryst.   s(21) = (     0          1          0      )
                  (     1          0          0      )
                  (     0          0          1      )

 cart.    s(21) = ( -0.5000000  0.8660254  0.0000000 )
                  (  0.8660254  0.5000000  0.0000000 )
                  (  0.0000000  0.0000000  1.0000000 )


      isym = 22     inv. 180 deg rotation - cryst. axis [2,1,0]  

 cryst.   s(22) = (    -1         -1          0      )
                  (     0          1          0      )
                  (     0          0          1      )

 cart.    s(22) = ( -0.5000000 -0.8660254  0.0000000 )
                  ( -0.8660254  0.5000000  0.0000000 )
                  (  0.0000000  0.0000000  1.0000000 )


      isym = 23     inv. 180 deg rotation - cryst. axis [0,1,0]  

 cryst.   s(23) = (     1          1          0      )
                  (     0         -1          0      )
                  (     0          0          1      )

 cart.    s(23) = (  0.5000000  0.8660254  0.0000000 )
                  (  0.8660254 -0.5000000  0.0000000 )
                  (  0.0000000  0.0000000  1.0000000 )


      isym = 24     inv. 180 deg rotation - cryst. axis [1,1,0]  

 cryst.   s(24) = (     0         -1          0      )
                  (    -1          0          0      )
                  (     0          0          1      )

 cart.    s(24) = (  0.5000000 -0.8660254  0.0000000 )
                  ( -0.8660254 -0.5000000  0.0000000 )
                  (  0.0000000  0.0000000  1.0000000 )


     point group D_6h(6/mmm)
     there are 12 classes
     the character table:

       E     2C6   2C3   C2    3C2'  3C2'' i     2S3   2S6   s_h   3s_d  3s_v 
A_1g   1.00  1.00  1.00  1.00  1.00  1.00  1.00  1.00  1.00  1.00  1.00  1.00
A_2g   1.00  1.00  1.00  1.00 -1.00 -1.00  1.00  1.00  1.00  1.00 -1.00 -1.00
B_1g   1.00 -1.00  1.00 -1.00  1.00 -1.00  1.00 -1.00  1.00 -1.00  1.00 -1.00
B_2g   1.00 -1.00  1.00 -1.00 -1.00  1.00  1.00 -1.00  1.00 -1.00 -1.00  1.00
E_1g   2.00  1.00 -1.00 -2.00  0.00  0.00  2.00  1.00 -1.00 -2.00  0.00  0.00
E_2g   2.00 -1.00 -1.00  2.00  0.00  0.00  2.00 -1.00 -1.00  2.00  0.00  0.00
A_1u   1.00  1.00  1.00  1.00  1.00  1.00 -1.00 -1.00 -1.00 -1.00 -1.00 -1.00
A_2u   1.00  1.00  1.00  1.00 -1.00 -1.00 -1.00 -1.00 -1.00 -1.00  1.00  1.00
B_1u   1.00 -1.00  1.00 -1.00  1.00 -1.00 -1.00  1.00 -1.00  1.00 -1.00  1.00
B_2u   1.00 -1.00  1.00 -1.00 -1.00  1.00 -1.00  1.00 -1.00  1.00  1.00 -1.00
E_1u   2.00  1.00 -1.00 -2.00  0.00  0.00 -2.00 -1.00  1.00  2.00  0.00  0.00
E_2u   2.00 -1.00 -1.00  2.00  0.00  0.00 -2.00  1.00  1.00 -2.00  0.00  0.00

     the symmetry operations in each class and the name of the first element:

     E        1
          identity                                               
     2C6      5    6
           60 deg rotation - cryst. axis [0,0,1]                 
     2C3      7    8
          120 deg rotation - cryst. axis [0,0,1]                 
     C2       2
          180 deg rotation - cart. axis [0,0,1]                  
     3C2'     4   12   11
          180 deg rotation - cart. axis [1,0,0]                  
     3C2''    3    9   10
          180 deg rotation - cart. axis [0,1,0]                  
     i       13
          inversion                                              
     2S3     17   18
          inv.  60 deg rotation - cryst. axis [0,0,1]            
     2S6     19   20
          inv. 120 deg rotation - cryst. axis [0,0,1]            
     s_h     14
          inv. 180 deg rotation - cart. axis [0,0,1]             
     3s_d    16   24   23
          inv. 180 deg rotation - cart. axis [1,0,0]             
     3s_v    15   21   22
          inv. 180 deg rotation - cart. axis [0,1,0]             

   Cartesian axes

     site n.     atom                  positions (alat units)
         1           C   tau(   1) = (   0.0000000   0.5773503   2.0306218  )
         2           C   tau(   2) = (   0.5000000   0.2886751   2.0306218  )

   Crystallographic axes

     site n.     atom                  positions (cryst. coord.)
         1           C   tau(   1) = (  0.3333333  0.6666667  0.5000000  )
         2           C   tau(   2) = (  0.6666667  0.3333333  0.5000000  )

     number of k points=    19  Methfessel-Paxton smearing, width (Ry)=  0.0200
                       cart. coord. in units 2pi/alat
        k(    1) = (   0.0000000   0.0000000   0.0000000), wk =   0.0138889
        k(    2) = (   0.0000000   0.0962250   0.0000000), wk =   0.0833333
        k(    3) = (   0.0000000   0.1924501   0.0000000), wk =   0.0833333
        k(    4) = (   0.0000000   0.2886751   0.0000000), wk =   0.0833333
        k(    5) = (   0.0000000   0.3849002   0.0000000), wk =   0.0833333
        k(    6) = (   0.0000000   0.4811252   0.0000000), wk =   0.0833333
        k(    7) = (   0.0000000  -0.5773503   0.0000000), wk =   0.0416667
        k(    8) = (   0.0833333   0.1443376   0.0000000), wk =   0.0833333
        k(    9) = (   0.0833333   0.2405626   0.0000000), wk =   0.1666667
        k(   10) = (   0.0833333   0.3367877   0.0000000), wk =   0.1666667
        k(   11) = (   0.0833333   0.4330127   0.0000000), wk =   0.1666667
        k(   12) = (   0.0833333   0.5292377   0.0000000), wk =   0.1666667
        k(   13) = (   0.1666667   0.2886751   0.0000000), wk =   0.0833333
        k(   14) = (   0.1666667   0.3849002   0.0000000), wk =   0.1666667
        k(   15) = (   0.1666667   0.4811252   0.0000000), wk =   0.1666667
        k(   16) = (   0.1666667   0.5773503   0.0000000), wk =   0.0833333
        k(   17) = (   0.2500000   0.4330127   0.0000000), wk =   0.0833333
        k(   18) = (   0.2500000   0.5292377   0.0000000), wk =   0.1666667
        k(   19) = (   0.3333333   0.5773503   0.0000000), wk =   0.0277778

                       cryst. coord.
        k(    1) = (   0.0000000   0.0000000   0.0000000), wk =   0.0138889
        k(    2) = (   0.0000000   0.0833333   0.0000000), wk =   0.0833333
        k(    3) = (   0.0000000   0.1666667   0.0000000), wk =   0.0833333
        k(    4) = (   0.0000000   0.2500000   0.0000000), wk =   0.0833333
        k(    5) = (   0.0000000   0.3333333   0.0000000), wk =   0.0833333
        k(    6) = (   0.0000000   0.4166667   0.0000000), wk =   0.0833333
        k(    7) = (   0.0000000  -0.5000000   0.0000000), wk =   0.0416667
        k(    8) = (   0.0833333   0.0833333   0.0000000), wk =   0.0833333
        k(    9) = (   0.0833333   0.1666667   0.0000000), wk =   0.1666667
        k(   10) = (   0.0833333   0.2500000   0.0000000), wk =   0.1666667
        k(   11) = (   0.0833333   0.3333333   0.0000000), wk =   0.1666667
        k(   12) = (   0.0833333   0.4166667   0.0000000), wk =   0.1666667
        k(   13) = (   0.1666667   0.1666667   0.0000000), wk =   0.0833333
        k(   14) = (   0.1666667   0.2500000   0.0000000), wk =   0.1666667
        k(   15) = (   0.1666667   0.3333333   0.0000000), wk =   0.1666667
        k(   16) = (   0.1666667   0.4166667   0.0000000), wk =   0.0833333
        k(   17) = (   0.2500000   0.2500000   0.0000000), wk =   0.0833333
        k(   18) = (   0.2500000   0.3333333   0.0000000), wk =   0.1666667
        k(   19) = (   0.3333333   0.3333333   0.0000000), wk =   0.0277778

     Dense  grid:    18051 G-vectors     FFT dimensions: (  24,  24,  90)

     Dynamical RAM for                 wfc:       0.27 MB

     Dynamical RAM for     wfc (w. buffer):       5.48 MB

     Dynamical RAM for           str. fact:       0.28 MB

     Dynamical RAM for           local pot:       0.00 MB

     Dynamical RAM for          nlocal pot:       0.55 MB

     Dynamical RAM for                qrad:       0.25 MB

     Dynamical RAM for          rho,v,vnew:       2.01 MB

     Dynamical RAM for               rhoin:       0.67 MB

     Dynamical RAM for            rho*nmix:       4.41 MB

     Dynamical RAM for           G-vectors:       1.17 MB

     Dynamical RAM for          h,s,v(r/c):       0.05 MB

     Dynamical RAM for          <psi|beta>:       0.00 MB

     Dynamical RAM for                 psi:       1.10 MB

     Dynamical RAM for                hpsi:       1.10 MB

     Dynamical RAM for                spsi:       1.10 MB

     Dynamical RAM for      wfcinit/wfcrot:       0.55 MB

     Message from routine read_upf::
     Dynamical RAM for           addusdens:      12.39 MB

     Dynamical RAM for          addusforce:      13.08 MB

     Dynamical RAM for         addusstress:      13.77 MB

     Estimated static dynamical RAM per process >      17.34 MB

     Estimated max dynamical RAM per process >      31.11 MB
     Pseudo file C.pbe-n-kjpaw_psl.0.1.UPF has been fixed on the fly.
To avoid this message in the future, permanently fix 
 your pseudo files following these instructions: 
https://gitlab.com/QEF/q-e/blob/master/upftools/how_to_fix_upf.md
               file C.pbe-n-kjpaw_psl.0.1.UPF: wavefunction(s)  2P renormalized

     G-vector sticks info
     --------------------
     sticks:   dense  smooth     PW     G-vecs:    dense   smooth      PW
     Sum         313     313     97                18051    18051    3157


     Title: 
     Unstrained graphene optimization. 2 atoms fragment. SCF                    


     bravais-lattice index     =            4
     lattice parameter (alat)  =       4.6531  a.u.
     unit-cell volume          =     354.3310 (a.u.)^3
     number of atoms/cell      =            2
     number of atomic types    =            1
     number of electrons       =         8.00
     number of Kohn-Sham states=            8
     kinetic-energy cutoff     =      52.0000  Ry
     charge density cutoff     =     208.0000  Ry
     convergence threshold     =      1.0E-06
     mixing beta               =       0.7000
     number of iterations used =            8  plain     mixing
     Exchange-correlation= SLA PW PBX PBC
                           (   1   4   3   4   0   0   0)

     celldm(1)=   4.653073  celldm(2)=   0.000000  celldm(3)=   4.061244
     celldm(4)=   0.000000  celldm(5)=   0.000000  celldm(6)=   0.000000

     crystal axes: (cart. coord. in units of alat)
               a(1) = (   1.000000   0.000000   0.000000 )  
               a(2) = (  -0.500000   0.866025   0.000000 )  
               a(3) = (   0.000000   0.000000   4.061244 )  

     reciprocal axes: (cart. coord. in units 2 pi/alat)
               b(1) = (  1.000000  0.577350 -0.000000 )  
               b(2) = (  0.000000  1.154701  0.000000 )  
               b(3) = (  0.000000 -0.000000  0.246230 )  


     PseudoPot. # 1 for C  read from file:
     ./C.pbe-n-kjpaw_psl.0.1.UPF
     MD5 check sum: 430fe95172b1e11ef3f8ed03bac87931
     Pseudo is Projector augmented-wave + core cor, Zval =  4.0
     Generated using "atomic" code by A. Dal Corso v.5.0.99 svn rev. 10869
     Shape of augmentation charge: BESSEL
     Using radial grid of 1073 points,  4 beta functions with: 
                l(1) =   0
                l(2) =   0
                l(3) =   1
                l(4) =   1
     Q(r) pseudized with 0 coefficients 


     atomic species   valence    mass     pseudopotential
        C              4.00    12.01100     C ( 1.00)

     24 Sym. Ops., with inversion, found


                                    s                        frac. trans.

      isym =  1     identity                                     

 cryst.   s( 1) = (     1          0          0      )
                  (     0          1          0      )
                  (     0          0          1      )

 cart.    s( 1) = (  1.0000000  0.0000000  0.0000000 )
                  (  0.0000000  1.0000000  0.0000000 )
                  (  0.0000000  0.0000000  1.0000000 )


      isym =  2     180 deg rotation - cart. axis [0,0,1]        

 cryst.   s( 2) = (    -1          0          0      )
                  (     0         -1          0      )
                  (     0          0          1      )

 cart.    s( 2) = ( -1.0000000  0.0000000  0.0000000 )
                  (  0.0000000 -1.0000000  0.0000000 )
                  (  0.0000000  0.0000000  1.0000000 )


      isym =  3     180 deg rotation - cart. axis [0,1,0]        

 cryst.   s( 3) = (    -1          0          0      )
                  (     1          1          0      )
                  (     0          0         -1      )

 cart.    s( 3) = ( -1.0000000  0.0000000  0.0000000 )
                  (  0.0000000  1.0000000  0.0000000 )
                  (  0.0000000  0.0000000 -1.0000000 )


      isym =  4     180 deg rotation - cart. axis [1,0,0]        

 cryst.   s( 4) = (     1          0          0      )
                  (    -1         -1          0      )
                  (     0          0         -1      )

 cart.    s( 4) = (  1.0000000  0.0000000  0.0000000 )
                  (  0.0000000 -1.0000000  0.0000000 )
                  (  0.0000000  0.0000000 -1.0000000 )


      isym =  5      60 deg rotation - cryst. axis [0,0,1]       

 cryst.   s( 5) = (     1          1          0      )
                  (    -1          0          0      )
                  (     0          0          1      )

 cart.    s( 5) = (  0.5000000 -0.8660254  0.0000000 )
                  (  0.8660254  0.5000000  0.0000000 )
                  (  0.0000000  0.0000000  1.0000000 )


      isym =  6      60 deg rotation - cryst. axis [0,0,-1]      

 cryst.   s( 6) = (     0         -1          0      )
                  (     1          1          0      )
                  (     0          0          1      )

 cart.    s( 6) = (  0.5000000  0.8660254  0.0000000 )
                  ( -0.8660254  0.5000000  0.0000000 )
                  (  0.0000000  0.0000000  1.0000000 )


      isym =  7     120 deg rotation - cryst. axis [0,0,1]       

 cryst.   s( 7) = (     0          1          0      )
                  (    -1         -1          0      )
                  (     0          0          1      )

 cart.    s( 7) = ( -0.5000000 -0.8660254  0.0000000 )
                  (  0.8660254 -0.5000000  0.0000000 )
                  (  0.0000000  0.0000000  1.0000000 )


      isym =  8     120 deg rotation - cryst. axis [0,0,-1]      

 cryst.   s( 8) = (    -1         -1          0      )
                  (     1          0          0      )
                  (     0          0          1      )

 cart.    s( 8) = ( -0.5000000  0.8660254  0.0000000 )
                  ( -0.8660254 -0.5000000  0.0000000 )
                  (  0.0000000  0.0000000  1.0000000 )


      isym =  9     180 deg rotation - cryst. axis [1,-1,0]      

 cryst.   s( 9) = (     0         -1          0      )
                  (    -1          0          0      )
                  (     0          0         -1      )

 cart.    s( 9) = (  0.5000000 -0.8660254  0.0000000 )
                  ( -0.8660254 -0.5000000  0.0000000 )
                  (  0.0000000  0.0000000 -1.0000000 )


      isym = 10     180 deg rotation - cryst. axis [2,1,0]       

 cryst.   s(10) = (     1          1          0      )
                  (     0         -1          0      )
                  (     0          0         -1      )

 cart.    s(10) = (  0.5000000  0.8660254  0.0000000 )
                  (  0.8660254 -0.5000000  0.0000000 )
                  (  0.0000000  0.0000000 -1.0000000 )


      isym = 11     180 deg rotation - cryst. axis [0,1,0]       

 cryst.   s(11) = (    -1         -1          0      )
                  (     0          1          0      )
                  (     0          0         -1      )

 cart.    s(11) = ( -0.5000000 -0.8660254  0.0000000 )
                  ( -0.8660254  0.5000000  0.0000000 )
                  (  0.0000000  0.0000000 -1.0000000 )


      isym = 12     180 deg rotation - cryst. axis [1,1,0]       

 cryst.   s(12) = (     0          1          0      )
                  (     1          0          0      )
                  (     0          0         -1      )

 cart.    s(12) = ( -0.5000000  0.8660254  0.0000000 )
                  (  0.8660254  0.5000000  0.0000000 )
                  (  0.0000000  0.0000000 -1.0000000 )


      isym = 13     inversion                                    

 cryst.   s(13) = (    -1          0          0      )
                  (     0         -1          0      )
                  (     0          0         -1      )

 cart.    s(13) = ( -1.0000000  0.0000000  0.0000000 )
                  (  0.0000000 -1.0000000  0.0000000 )
                  (  0.0000000  0.0000000 -1.0000000 )


      isym = 14     inv. 180 deg rotation - cart. axis [0,0,1]   

 cryst.   s(14) = (     1          0          0      )
                  (     0          1          0      )
                  (     0          0         -1      )

 cart.    s(14) = (  1.0000000  0.0000000  0.0000000 )
                  (  0.0000000  1.0000000  0.0000000 )
                  (  0.0000000  0.0000000 -1.0000000 )


      isym = 15     inv. 180 deg rotation - cart. axis [0,1,0]   

 cryst.   s(15) = (     1          0          0      )
                  (    -1         -1          0      )
                  (     0          0          1      )

 cart.    s(15) = (  1.0000000  0.0000000  0.0000000 )
                  (  0.0000000 -1.0000000  0.0000000 )
                  (  0.0000000  0.0000000  1.0000000 )


      isym = 16     inv. 180 deg rotation - cart. axis [1,0,0]   

 cryst.   s(16) = (    -1          0          0      )
                  (     1          1          0      )
                  (     0          0          1      )

 cart.    s(16) = ( -1.0000000  0.0000000  0.0000000 )
                  (  0.0000000  1.0000000  0.0000000 )
                  (  0.0000000  0.0000000  1.0000000 )


      isym = 17     inv.  60 deg rotation - cryst. axis [0,0,1]  

 cryst.   s(17) = (    -1         -1          0      )
                  (     1          0          0      )
                  (     0          0         -1      )

 cart.    s(17) = ( -0.5000000  0.8660254  0.0000000 )
                  ( -0.8660254 -0.5000000  0.0000000 )
                  (  0.0000000  0.0000000 -1.0000000 )


      isym = 18     inv.  60 deg rotation - cryst. axis [0,0,-1] 

 cryst.   s(18) = (     0          1          0      )
                  (    -1         -1          0      )
                  (     0          0         -1      )

 cart.    s(18) = ( -0.5000000 -0.8660254  0.0000000 )
                  (  0.8660254 -0.5000000  0.0000000 )
                  (  0.0000000  0.0000000 -1.0000000 )


      isym = 19     inv. 120 deg rotation - cryst. axis [0,0,1]  

 cryst.   s(19) = (     0         -1          0      )
                  (     1          1          0      )
                  (     0          0         -1      )

 cart.    s(19) = (  0.5000000  0.8660254  0.0000000 )
                  ( -0.8660254  0.5000000  0.0000000 )
                  (  0.0000000  0.0000000 -1.0000000 )


      isym = 20     inv. 120 deg rotation - cryst. axis [0,0,-1] 

 cryst.   s(20) = (     1          1          0      )
                  (    -1          0          0      )
                  (     0          0         -1      )

 cart.    s(20) = (  0.5000000 -0.8660254  0.0000000 )
                  (  0.8660254  0.5000000  0.0000000 )
                  (  0.0000000  0.0000000 -1.0000000 )


      isym = 21     inv. 180 deg rotation - cryst. axis [1,-1,0] 

 cryst.   s(21) = (     0          1          0      )
                  (     1          0          0      )
                  (     0          0          1      )

 cart.    s(21) = ( -0.5000000  0.8660254  0.0000000 )
                  (  0.8660254  0.5000000  0.0000000 )
                  (  0.0000000  0.0000000  1.0000000 )


      isym = 22     inv. 180 deg rotation - cryst. axis [2,1,0]  

 cryst.   s(22) = (    -1         -1          0      )
                  (     0          1          0      )
                  (     0          0          1      )

 cart.    s(22) = ( -0.5000000 -0.8660254  0.0000000 )
                  ( -0.8660254  0.5000000  0.0000000 )
                  (  0.0000000  0.0000000  1.0000000 )


      isym = 23     inv. 180 deg rotation - cryst. axis [0,1,0]  

 cryst.   s(23) = (     1          1          0      )
                  (     0         -1          0      )
                  (     0          0          1      )

 cart.    s(23) = (  0.5000000  0.8660254  0.0000000 )
                  (  0.8660254 -0.5000000  0.0000000 )
                  (  0.0000000  0.0000000  1.0000000 )


      isym = 24     inv. 180 deg rotation - cryst. axis [1,1,0]  

 cryst.   s(24) = (     0         -1          0      )
                  (    -1          0          0      )
                  (     0          0          1      )

 cart.    s(24) = (  0.5000000 -0.8660254  0.0000000 )
                  ( -0.8660254 -0.5000000  0.0000000 )
                  (  0.0000000  0.0000000  1.0000000 )


     point group D_6h(6/mmm)
     there are 12 classes
     the character table:

       E     2C6   2C3   C2    3C2'  3C2'' i     2S3   2S6   s_h   3s_d  3s_v 
A_1g   1.00  1.00  1.00  1.00  1.00  1.00  1.00  1.00  1.00  1.00  1.00  1.00
A_2g   1.00  1.00  1.00  1.00 -1.00 -1.00  1.00  1.00  1.00  1.00 -1.00 -1.00
B_1g   1.00 -1.00  1.00 -1.00  1.00 -1.00  1.00 -1.00  1.00 -1.00  1.00 -1.00
B_2g   1.00 -1.00  1.00 -1.00 -1.00  1.00  1.00 -1.00  1.00 -1.00 -1.00  1.00
E_1g   2.00  1.00 -1.00 -2.00  0.00  0.00  2.00  1.00 -1.00 -2.00  0.00  0.00
E_2g   2.00 -1.00 -1.00  2.00  0.00  0.00  2.00 -1.00 -1.00  2.00  0.00  0.00
